1

2

26

2684512

4739824

7832497

840294890

7908321748937142308

62541552884712221295532864473443566864

3911445837231255569095866532025561813104846956701652627535647996906838794496

100000000000000000000000000000000000000000000000000000000000000000000000000000000000000000000000000000000000000000000000000000000000000000000000000000000000000000000000000000000000000000000000000000000000000000000000000000000000000000000000000000000000000000000000000000000000000000000000000000000000000000000000000000000000000000000000000000000000000000000000000000000000000000000000000000000000000000000000000000000000000000000000000000000000000000000000000000000000000000000000000000000000000000000
